Clasificación para el modelo: Logistic Regression
              precision    recall  f1-score  support
25             0.200000  0.100000  0.133333   10.000
30             0.000000  0.000000  0.000000    7.000
50             0.216216  0.470588  0.296296   17.000
60             0.000000  0.000000  0.000000    9.000
75             0.000000  0.000000  0.000000    8.000
90             0.000000  0.000000  0.000000    9.000
100            0.000000  0.000000  0.000000   23.000
120            0.272727  0.428571  0.333333    7.000
150            0.000000  0.000000  0.000000    9.000
200            0.481481  0.764706  0.590909   17.000
300            1.000000  1.000000  1.000000   15.000
500            1.000000  1.000000  1.000000    8.000
600            1.000000  1.000000  1.000000    5.000
900            1.000000  1.000000  1.000000   14.000
1000           1.000000  1.000000  1.000000   12.000
1200           1.000000  1.000000  1.000000   10.000
1500           1.000000  1.000000  1.000000   13.000
2000           1.000000  1.000000  1.000000    7.000
accuracy       0.545000  0.545000  0.545000    0.545
macro avg      0.509468  0.542437  0.519660  200.000
weighted avg   0.498850  0.545000  0.513746  200.000

==================================================

Clasificación para el modelo: K-Nearest Neighbors
              precision    recall  f1-score  support
25             0.333333  0.300000  0.315789    10.00
30             0.272727  0.428571  0.333333     7.00
50             0.380952  0.470588  0.421053    17.00
60             0.000000  0.000000  0.000000     9.00
75             0.357143  0.625000  0.454545     8.00
90             0.250000  0.222222  0.235294     9.00
100            0.409091  0.391304  0.400000    23.00
120            0.083333  0.142857  0.105263     7.00
150            0.200000  0.111111  0.142857     9.00
200            0.400000  0.235294  0.296296    17.00
300            1.000000  0.600000  0.750000    15.00
500            0.357143  0.625000  0.454545     8.00
600            1.000000  0.600000  0.750000     5.00
900            0.647059  0.785714  0.709677    14.00
1000           0.615385  0.666667  0.640000    12.00
1200           0.600000  0.600000  0.600000    10.00
1500           0.846154  0.846154  0.846154    13.00
2000           1.000000  0.714286  0.833333     7.00
accuracy       0.470000  0.470000  0.470000     0.47
macro avg      0.486240  0.464709  0.460452   200.00
weighted avg   0.493594  0.470000  0.468740   200.00

==================================================

Clasificación para el modelo: Decision Tree
              precision  recall  f1-score  support
25                  1.0     1.0       1.0     10.0
30                  1.0     1.0       1.0      7.0
50                  1.0     1.0       1.0     17.0
60                  1.0     1.0       1.0      9.0
75                  1.0     1.0       1.0      8.0
90                  1.0     1.0       1.0      9.0
100                 1.0     1.0       1.0     23.0
120                 1.0     1.0       1.0      7.0
150                 1.0     1.0       1.0      9.0
200                 1.0     1.0       1.0     17.0
300                 1.0     1.0       1.0     15.0
500                 1.0     1.0       1.0      8.0
600                 1.0     1.0       1.0      5.0
900                 1.0     1.0       1.0     14.0
1000                1.0     1.0       1.0     12.0
1200                1.0     1.0       1.0     10.0
1500                1.0     1.0       1.0     13.0
2000                1.0     1.0       1.0      7.0
accuracy            1.0     1.0       1.0      1.0
macro avg           1.0     1.0       1.0    200.0
weighted avg        1.0     1.0       1.0    200.0

==================================================

Clasificación para el modelo: Random Forest
              precision    recall  f1-score  support
25             1.000000  1.000000  1.000000   10.000
30             1.000000  1.000000  1.000000    7.000
50             1.000000  1.000000  1.000000   17.000
60             1.000000  1.000000  1.000000    9.000
75             1.000000  1.000000  1.000000    8.000
90             1.000000  1.000000  1.000000    9.000
100            0.958333  1.000000  0.978723   23.000
120            1.000000  0.857143  0.923077    7.000
150            1.000000  1.000000  1.000000    9.000
200            1.000000  1.000000  1.000000   17.000
300            1.000000  1.000000  1.000000   15.000
500            1.000000  1.000000  1.000000    8.000
600            1.000000  1.000000  1.000000    5.000
900            1.000000  1.000000  1.000000   14.000
1000           1.000000  1.000000  1.000000   12.000
1200           1.000000  1.000000  1.000000   10.000
1500           1.000000  1.000000  1.000000   13.000
2000           1.000000  1.000000  1.000000    7.000
accuracy       0.995000  0.995000  0.995000    0.995
macro avg      0.997685  0.992063  0.994544  200.000
weighted avg   0.995208  0.995000  0.994861  200.000

==================================================
